50
3 2 1 3 3 2 2 1 3 1 2 3 2 1 2 1 3 3 1 1 1 2 2 3 2 3 3 2 3 3 2 3 2 3 3 2 2 1 3 1 2 2 1 1 3 2 2 3 3 3
2 1
3 2
4 2
5 1
6 4
7 1
8 2
9 4
10 6
11 5
12 6
13 5
14 2
15 14
16 1
17 11
18 9
19 8
20 16
21 12
22 19
23 15
24 3
25 10
26 18
27 22
28 21
29 24
30 12
31 26
32 18
33 6
34 26
35 8
36 3
37 7
38 37
39 33
40 30
41 40
42 9
43 29
44 22
45 14
46 23
47 30
48 37
49 25
50 34
50
35 22
40 43
3 10
28 35
5 6
42 36
3 25
9 12
17 16
2 28
25 48
42 6
15 35
40 28
24 1
15 16
6 18
27 35
2 34
41 46
21 43
20 32
5 20
48 22
23 27
48 22
18 4
36 3
45 15
28 19
16 43
36 23
12 15
7 15
48 49
10 18
42 29
48 50
50 21
24 27
19 45
44 22
31 48
16 47
28 36
14 22
22 36
33 38
45 47
35 43